CAMERA_POSE: [-0.34496, 0.019042, 0.013027, -0.292577, -0.6215,  0.675687, -0.2673] #相机识别时的位置和四元数

#MIDDLE_POSE: [-0.35496,-0.001258,0.229276,0.316796,0.6104,-0.65167,0.319855] #识别物体后过渡位置和四元数
MIDDLE_POSE: [-0.35507,0,0.229276,0.2618,0.6354798,-0.6783,0.2596] #识别物体后过渡位置和四元数


CRAW_BEFORE: [0.5687317123, 0.43448958209489674, -0.3871068, 0.581301384107] #傲意灵巧手抓取时姿态

SPEED: 0.2 #抓取时机械臂运动速度

CAMERA_ID: "150622072996" #右臂d435相机ID

